32.267
29.942
10.431
7.714
5.752
-5.566
-6.546
13.694
29.877
19.726
-3.343
-14.634
-13.198
-13.087
-18.261
-23.785
-27.487
-33.249
-37.032
-32.067
-22.287
-18.840
-29.350
-40.978
-36.960
-20.659
-9.389
-12.132
-17.204
-8.783
10.086
20.493
16.177
10.068
13.925
24.840
31.548
32.567
34.414
37.675
39.794
38.296
37.977
42.565
43.371
36.920
27.869
24.824
30.020
30.865
22.027
10.106
7.087
15.591
21.664
16.957
5.248
-1.396
2.714
4.304
-4.768
-17.302
-20.205
-15.402
-12.765
-15.786
-21.206
-20.213
-16.195
-17.523
-23.987
-31.681
-33.680
-33.755
-37.038
-38.263
-36.868
-34.160
-36.918
-42.460
-40.756
-35.183
-32.649
-38.242
-51.169
-57.353
-55.270
-53.368
-58.178
-68.569
-72.993
-69.975
-63.598
-62.142
-69.930
-74.765
-71.781
-64.717
-62.255
-68.564
-74.512
-74.295
-68.618
-61.336
-57.807
-55.765
-50.621
-47.220
-45.901
-48.575
-52.919
-54.582
-55.686
-53.431
-50.059
-46.431
-44.263
-49.401
-54.341
-55.292
-55.890
-56.931
-64.934
-73.232
-77.515
-79.245
-77.415
-78.555
-80.206
-76.955
-70.549
-59.572
-53.278
-53.306
-52.781
-49.176
-42.740
-43.139
-47.171
-46.613
-42.891
-39.027
-39.172
-39.886
-33.688
-23.536
-17.236
-20.415
-30.105
-33.636
-30.375
-25.729
-27.707
-36.164
-38.470
-33.519
-29.593
-30.668
-34.878
-35.029
-33.700
-30.696
-23.462
-16.529
-10.877
-8.090
-6.891
-5.899
-5.686
-4.542
-4.959
-7.055
-7.802
-3.497
5.461
11.161
12.138
9.509
12.513
15.661
11.203
4.117
0.124
3.970
11.316
13.910
11.117
3.802
-0.982
-1.117
-1.924
-6.975
-11.727
-7.213
1.556
3.957
-4.062
-15.980
-21.420
-22.017
-20.405
-23.137
-26.735
-26.159
-23.827
-21.747
-25.843
-30.856
-28.401
-22.141
-13.866
-6.465
0.415
6.232
12.940
16.248
15.380
14.250
12.213
10.550
8.185
4.305
0.099
-3.916
-8.574
-13.111
-16.517
-20.988
-27.063
-36.964
-51.123
-59.766
-60.706
-56.997
-59.796
-72.011
-75.322
-63.667
-44.822
-26.578
-14.898
2.495
25.941
54.777
80.030
101.077
112.404
128.802
156.214
175.425
182.029
183.178
186.963
199.850
215.891
234.352
254.437
239.277
268.887
207.810
171.661
158.346
137.084
102.458
68.007
40.824
21.390
3.880
-3.749
-2.092
-0.975
-7.543
-10.944
-2.977
6.725
7.907
4.516
6.480
12.157
9.723
-5.051
-26.171
-42.987
-55.982
-64.898
-67.990
-68.714
-66.962
-71.178
-77.209
-67.404
-46.124
-26.362
-23.926
-31.016
-23.166
-5.345
4.565
-6.599
-24.198
-30.324
-27.567
-24.580
-27.590
-31.260
-26.520
-14.305
-3.337
2.318
5.089
8.508
18.597
33.016
45.675
59.597
68.262
76.312
88.066
97.630
107.671
110.383
107.998
109.035
112.111
117.113
116.130
109.772
106.504
109.207
122.311
138.523
149.130
155.713
162.673
177.543
190.627
188.833
178.124
167.456
162.784
159.039
146.944
127.773
106.227
90.574
83.738
78.058
69.755
58.354
52.842
63.026
76.644
86.365
89.135
90.330
93.173
90.475
85.361
81.198
73.521
69.500
70.312
80.212
94.709
102.172
102.688
97.683
97.894
105.610
105.067
95.916
80.303
69.794
66.134
52.722
33.121
17.912
13.741
15.501
10.758
-1.173
-14.939
-26.291
-41.079
-54.996
-67.729
-76.214
-79.640
-78.977
-67.993
-55.889
-48.612
-39.627
-29.029
-16.919
-5.826
4.526
10.926
10.147
3.364
-3.008
-2.687
-3.039
-11.651
-23.406
-28.424
-24.922
-18.771
-21.367
-26.537
-25.523
-19.041
-15.560
-22.366
-33.176
-36.845
-32.836
-29.128
-35.319
-49.337
-58.860
-62.331
-62.955
-68.137
-78.901
-86.177
-93.098
-98.548
-101.769
-103.740
-103.371
-106.523
-114.126
-121.466
-126.805
-126.653
-127.755
-133.765
-137.488
-139.624
-139.495
-139.119
-139.925
-138.470
-132.947
-123.740
-118.560
-122.016
-129.488
-137.683
-140.397
-139.857
-141.650
-140.905
-131.457
-116.409
-105.157
-105.447
-106.464
-100.330
-87.801
-76.409
-74.607
-73.857
-66.036
-52.351
-39.194
-34.611
-33.172
-28.114
-22.860
-21.891
-25.242
-28.052
-26.436
-24.035
-23.163
-27.595
-31.945
-29.231
-25.334
-22.596
-25.857
-28.750
-24.821
-18.610
-15.307
-18.612
-22.612
-19.595
-15.215
-13.476
-15.761
-13.448
-2.441
8.530
11.533
12.647
22.916
34.921
40.254
38.184
36.445
45.241
51.844
47.011
35.511
26.761
30.473
32.117
22.960
5.565
-8.109
-7.977
-0.700
1.112
-2.966
-1.977
6.590
11.617
5.319
-3.193
-1.197
10.054
21.248
25.498
27.407
28.553
31.849
32.629
25.835
19.306
17.518
21.728
28.272
31.938
35.089
39.520
43.874
46.834
43.160
38.703
37.157
36.100
35.591
32.848
33.775
37.040
37.462
38.682
40.606
45.663
51.282
49.390
44.715
42.656
47.012
55.633
55.836
49.186
38.442
32.654
34.385
32.832
24.563
13.516
7.263
6.361
3.805
-5.269
-16.197
-19.604
-16.570
-12.591
-16.005
-24.301
-28.923
-28.648
-22.028
-17.213
-17.945
-16.391
-6.736
7.719
19.389
28.686
33.351
35.484
34.192
31.334
33.844
39.858
48.392
55.392
54.423
52.103
50.786
53.369
55.776
53.121
49.907
42.100
30.694
20.498
12.964
10.060
7.878
5.223
2.520
3.796
10.075
14.509
13.077
8.105
4.824
7.470
13.815
15.621
11.057
6.337
7.713
13.415
15.050
9.649
2.620
-1.448
-1.179
-1.861
-6.970
-12.643
-14.763
-10.083
-4.941
-7.975
-18.499
-29.714
-38.383
-41.591
-47.336
-54.867
-55.095
-51.403
-43.185
-37.540
-36.582
-37.055
-40.966
-42.951
-42.328
-37.932
-31.438
-28.441
-27.054
-24.311
-21.272
-18.647
-20.443
-22.970
-22.067
-19.663
-16.921
-17.663
-20.856
-23.293
-24.238
-23.370
-24.723
-26.830
-26.535
-27.171
-28.091
-30.349
-32.650
-32.940
-35.665
-39.037
-42.379
-46.082
-45.356
-41.400
-34.607
-32.609
-39.762
-46.840
-47.338
-41.730
-34.793
-32.359
-31.157
-32.533
-34.121
-32.165
-29.687
-29.482
-32.410
-34.378
-30.849
-28.166
-28.915
-28.727
-28.372
-26.820
-27.913
-29.254
-28.426
-28.894
-30.421
-36.284
-43.727
-47.742
-49.904
-48.123
-47.127
-50.207
-54.047
-58.290
-58.044
-56.442
-58.913
-62.105
-68.267
-71.944
-71.877
-72.658
-74.285
-78.999
-81.361
-80.212
-77.921
-73.198
-72.370
-76.803
-81.887
-83.849
-79.774
-77.647
-84.170
-93.039
-98.462
-96.998
-93.529
-93.441
-93.150
-91.150
-86.683
-79.939
-76.815
-75.817
-77.795
-79.142
-76.756
-74.454
-69.836
-64.291
-61.364
-58.849
-57.435
-56.006
-56.914
-59.000
-57.794
-57.662
-53.937
-47.675
-43.549
-40.678
-40.991
-42.893
-44.297
-45.373
-43.523
-44.530
-47.204
-46.156
-43.720
-38.178
-32.654
-26.976
-22.958
-21.880
-21.624
-21.260
-22.091
-22.246
-20.281
-16.120
-12.729
-13.389
-15.206
-19.143
-23.377
-24.465
-24.788
-21.775
-19.848
-20.094
-20.018
-20.534
-19.169
-17.372
-16.118
-16.667
-18.452
-17.120
-17.361
-20.450
-21.201
-18.868
-14.138
-10.755
-11.113
-13.762
-15.711
-14.338
-13.482
-16.139
-20.212
-21.683
-20.615
-16.783
-11.157
-4.480
2.394
7.202
8.955
10.263
9.442
7.197
5.403
3.476
1.603
-0.034
-0.498
2.068
8.348
15.118
19.069
21.108
25.694
30.782
35.617
38.924
38.120
38.812
38.941
37.422
37.229
38.059
39.701
37.221
32.687
32.908
35.016
37.959
40.585
43.570
51.455
57.788
62.694
64.184
61.329
62.796
65.220
67.128
66.708
62.591
61.763
60.656
57.999
56.484
53.343
52.035
50.626
49.282
50.688
50.102
48.668
46.473
44.772
45.410
44.011
44.973
47.451
48.241
49.875
50.369
52.568
57.781
62.198
67.848
70.553
75.008
82.298
84.818
86.569
87.689
92.293
100.627
106.858
111.807
115.418
114.153
111.163
108.912
107.221
104.623
92.815
70.054
36.791
0.444
-35.717
-65.033
-78.009
-72.610
-61.582
-52.982
-42.748
-34.840
-30.907
-26.175
-16.492
-2.945
7.288
10.316
10.428
15.403
25.847
36.832
41.356
37.015
35.783
38.088
42.737
46.271
44.432
42.200
38.963
33.188
25.738
16.994
9.887
2.377
-8.474
-19.016
-24.656
-29.009
-32.034
-33.495
-36.116
-34.069
-29.989
-29.054
-31.564
-32.921
-28.851
-21.957
-16.511
-12.220
-8.447
-3.976
0.366
-0.560
-4.651
-7.251
-5.990
-3.385
-1.977
-0.004
2.340
4.082
3.843
2.536
1.145
-2.932
-9.070
-13.278
-17.838
-22.474
-29.867
-39.833
-49.516
-59.864
-63.432
-63.492
-65.683
-66.728
-67.990
-69.394
-69.402
-69.312
-63.169
-51.653
-40.881
-35.572
-34.906
-31.694
-25.188
-15.421
-2.958
8.763
15.239
17.023
16.280
15.467
19.239
21.518
19.394
15.496
15.666
18.926
17.969
8.852
-6.841
-20.329
-28.887
-31.966
-33.193
-40.378
-49.059
-55.982
-59.836
-56.853
-53.139
-51.294
-52.968
-54.196
-47.624
-38.891
-31.647
-28.391
-27.344
-21.656
-15.806
-9.580
-2.160
8.924
17.817
21.938
24.280
25.860
29.986
29.898
27.346
28.415
32.402
37.256
34.733
29.592
28.060
26.003
21.894
12.784
2.767
-4.349
-6.335
-4.017
0.663
3.544
2.874
0.589
-2.842
-7.721
-13.480
-19.979
-23.257
-27.106
-31.735
-31.839
-28.478
-26.024
-26.961
-28.909
-27.370
-21.348
-13.827
-13.278
-20.255
-27.564
-27.913
-19.178
-10.156
-6.607
-4.380
-2.569
-5.011
-4.934
2.050
12.640
22.560
27.443
28.394
32.169
34.605
34.847
34.732
32.763
34.353
34.565
32.692
33.983
35.878
36.360
34.558
34.836
39.569
42.954
45.826
49.414
52.693
59.533
60.514
55.533
51.141
48.004
46.571
43.400
38.806
37.391
36.760
37.501
37.958
36.498
37.120
35.799
33.372
30.673
28.446
31.443
33.759
32.001
26.034
18.527
16.477
18.205
20.367
20.058
17.267
17.493
20.878
20.967
17.570
14.728
15.266
14.725
8.868
2.866
4.953
16.313
32.032
44.719
54.162
60.447
68.617
72.731
69.620
68.619
70.339
72.146
70.996
70.436
74.900
77.713
75.325
71.439
69.353
73.957
78.883
77.766
74.336
70.011
67.573
64.887
62.082
60.116
52.354
41.772
31.453
20.960
13.878
7.701
0.512
-5.642
-7.728
-8.590
-8.720
-9.819
-15.130
-22.139
-32.748
-43.858
-50.770
-53.170
-49.638
-50.154
-57.401
-64.333
-68.576
-65.754
-63.814
-66.749
-71.190
-74.957
-73.943
-70.282
-68.290
-63.865
-59.219
-53.435
-49.030
-48.845
-46.210
-45.625
-47.620
-51.178
-53.951
-49.139
-47.203
-48.717
-49.595
-50.572
-49.125
-47.361
-44.464
-41.230
-41.306
-40.758
-38.418
-33.989
-27.470
-22.234
-16.476
-10.069
-7.693
-6.709
-5.846
-3.323
0.863
2.455
1.748
0.032
1.237
3.576
-0.272
-10.746
-21.835
-24.738
-19.107
-15.519
-13.281
-13.094
-12.483
-13.138
-17.427
-24.979
-34.800
-41.932
-40.776
-38.138
-36.304
-36.401
-41.265
-45.528
-48.539
-46.049
-35.484
-27.298
-25.082
-30.503
-36.641
-36.505
-35.334
-33.454
-34.267
-34.146
-29.966
-26.367
-25.463
-28.603
-32.452
-30.486
-26.728
-23.068
-21.691
-24.509
-25.762
-26.569
-28.163
-28.316
-29.392
-26.542
-24.370
-24.688
-25.179
-23.524
-17.816
-14.209
-13.420
-14.115
-15.889
-17.646
-20.588
-24.425
-27.586
-32.921
-37.669
-42.211
-50.246
-55.587
-57.466
-58.161
-60.326
-66.602
-71.030
-76.742
-80.851
-81.753
-84.989
-85.839
-83.743
-86.007
-90.441
-96.232
-97.195
-93.736
-89.974
-86.003
-85.870
-85.613
-79.633
-70.439
-61.112
-54.621
-48.779
-43.770
-46.861
-50.776
-51.232
-49.599
-47.722
-50.995
-51.409
-45.936
-40.337
-34.223
-34.853
-39.498
-45.374
-50.910
-53.724
-59.006
-58.877
-48.319
-37.466
-29.717
-26.716
-26.312
-29.166
-37.058
-42.072
-41.747
-38.278
-34.368
-37.175
-40.666
-40.833
-38.230
-33.751
-31.185
-27.511
-20.711
-14.461
-9.948
-10.566
-10.453
-5.541
1.196
6.543
9.426
9.865
5.337
0.594
-1.768
-3.860
-3.608
-0.490
2.297
5.152
9.237
16.466
20.675
21.622
18.041
12.400
12.394
15.537
20.511
24.469
28.800
35.639
36.472
30.939
23.784
16.169
13.208
10.826
9.131
9.843
13.431
19.133
22.566
24.602
27.737
28.609
27.120
23.375
21.996
23.134
21.380
17.824
15.978
18.159
26.000
33.637
36.166
32.601
24.188
18.972
18.225
16.905
16.424
16.310
15.672
13.357
12.054
15.423
21.079
27.249
30.800
35.004
46.672
55.377
56.666
55.290
56.814
63.215
63.204
58.988
55.132
49.763
45.617
41.695
39.054
40.180
40.596
41.034
39.622
36.705
35.912
34.313
38.893
46.060
49.668
52.956
52.058
52.248
55.033
57.438
63.963
70.462
75.007
76.472
77.148
83.472
90.432
94.565
96.973
98.653
103.714
108.711
108.822
108.936
107.178
108.573
108.713
100.403
91.502
88.826
94.185
103.213
110.262
119.196
125.775
130.348
137.700
147.108
161.438
173.570
178.404
180.039
182.893
189.883
195.136
195.420
195.187
190.867
181.935
171.749
164.392
159.609
152.272
143.773
139.375
134.949
128.573
121.147
114.261
108.189
100.915
97.280
95.955
96.025
94.545
87.148
78.406
72.827
71.890
75.825
77.941
75.844
70.482
64.355
61.852
58.268
55.748
55.200
48.554
39.692
30.358
26.010
25.236
22.600
20.251
17.736
16.545
13.128
6.093
-0.802
-5.693
-7.264
-12.572
-21.891
-33.164
-39.874
-39.503
-37.343
-30.488
-22.331
-15.448
-9.285
-7.201
-7.141
-11.072
-18.309
-25.443
-30.221
-26.671
-20.351
-16.866
-20.644
-34.208
-47.481
-50.626
-50.228
-48.613
-51.310
-58.919
-68.451
-80.102
-87.224
-92.068
-97.650
-102.144
-109.191
-112.791
-113.591
-111.698
-106.254
-102.108
-100.686
-98.802
-94.618
-87.579
-82.703
-80.836
-82.570
-89.251
-93.514
-96.627
-100.884
-103.565
-108.662
-109.498
-104.930
-100.764
-97.278
-96.939
-98.301
-102.284
-105.280
-102.933
-101.395
-101.276
-99.306
-98.993
-94.014
-88.904
-86.048
-87.235
-92.642
-94.555
-91.963
-89.935
-91.712
-97.014
-97.908
-94.830
-87.273
-77.048
-71.050
-68.734
-66.881
-64.679
-60.530
-59.195
-57.778
-54.004
-48.518
-39.863
-33.861
-29.451
-24.717
-20.491
-15.729
-11.255
-5.651
2.406
11.415
17.287
21.910
28.621
33.950
38.302
40.127
42.595
48.918
50.870
46.974
40.281
34.868
36.103
35.675
32.356
26.665
22.825
27.868
31.875
30.480
26.189
20.764
18.444
16.289
18.089
26.023
35.695
45.949
51.103
51.157
53.768
55.006
59.251
64.774
67.061
70.344
71.518
72.599
72.216
71.972
76.511
78.795
75.433
65.333
50.717
42.721
39.408
38.450
39.049
34.056
26.462
17.514
8.408
1.623
-4.967
-10.385
-14.737
-17.021
-17.085
-15.912
-14.320
-11.749
-7.128
-3.759
-1.370
1.581
4.701
3.656
-0.229
-2.864
0.949
5.525
0.476
-12.047
-21.339
-20.630
-18.073
-18.822
-24.651
-30.848
-34.585
-39.103
-36.398
-31.200
-26.931
-24.863
-28.803
-32.680
-36.415
-37.245
-32.858
-33.187
-35.779
-38.847
-38.171
-32.381
-29.467
-28.363
-28.677
-30.646
-28.906
-23.138
-13.210
-5.928
-1.711
-0.251
-1.139
-4.133
-5.724
-7.147
-9.986
-11.182
-11.788
-11.349
-10.029
-10.064
-12.279
-16.831
-17.050
-13.912
-8.963
-4.917
-3.340
0.463
4.987
5.541
0.212
-6.399
-7.225
0.172
10.098
13.282
11.325
11.458
15.148
18.424
17.308
13.789
13.508
17.259
23.532
22.869
18.502
15.591
16.484
20.911
21.176
17.491
12.974
9.764
9.105
6.600
3.885
1.643
-0.876
-1.231
0.862
4.700
7.032
2.745
-4.668
-8.256
-4.259
0.812
2.175
-1.080
0.012
11.928
27.151
29.508
18.117
5.610
4.144
11.648
17.144
14.388
8.426
5.805
9.889
14.996
12.522
1.776
-10.963
-19.404
-18.525
-10.950
-2.234
3.461
5.095
1.793
-7.074
-16.419
-19.774
-21.362
-22.214
-21.648
-20.512
-17.328
-11.776
-3.818
1.210
-0.266
-7.160
-12.402
-12.971
-8.735
-3.608
-1.229
-1.897
-7.837
-10.838
-5.441
2.646
7.133
6.306
7.611
16.576
27.864
30.853
25.007
19.081
21.481
26.267
24.942
18.812
14.698
16.227
22.547
22.977
17.038
10.053
8.189
16.337
24.267
28.286
26.465
25.282
28.818
29.751
27.665
22.188
15.064
11.441
13.094
21.905
33.209
40.405
44.355
41.772
38.509
36.383
30.106
23.413
15.284
8.731
6.950
3.537
-3.914
-8.593
-3.932
6.107
12.585
9.853
1.290
-5.595
-9.646
-11.601
-15.897
-21.912
-26.618
-31.469
-33.810
-37.374
-44.190
-46.161
-45.736
-42.672
-43.263
-50.398
-53.057
-51.120
-46.534
-44.343
-47.541
-49.800
-51.585
-53.388
-54.307
-57.937
-58.475
-58.892
-59.517
-58.722
-59.903
-59.579
-60.733
-64.516
-63.490
-60.695
-57.746
-56.752
-56.028
-48.240
-40.416
-35.554
-32.934
-32.886
-29.002
-23.899
-20.000
-17.561
-19.857
-23.316
-25.105
-25.305
-27.213
-33.677
-34.126
-28.033
-23.154
-22.185
-30.520
-37.712
-40.759
-41.857
-39.762
-39.472
-40.019
-41.360
-44.825
-47.183
-52.123
-56.778
-57.678
-58.165
-53.302
-47.603
-47.407
-50.714
-53.639
-47.014
-34.446
-26.183
-21.453
-18.259
-11.093
-1.401
6.004
7.561
5.096
2.539
2.275
3.007
7.232
11.939
16.097
14.914
12.554
10.984
9.074
8.058
6.494
7.141
8.388
6.448
4.551
2.631
2.223
-1.270
-7.500
-12.776
-12.376
-7.213
-0.363
3.958
3.762
0.675
-3.398
-6.550
-7.979
-9.656
-12.929
-13.784
-10.616
-6.267
-5.863
-7.215
-7.363
-7.241
-6.228
-6.906
-7.899
-6.766
-7.120
-6.076
-6.338
-7.826
-12.298
-19.756
-23.924
-26.340
-28.719
-32.709
-39.703
-40.379
-37.220
-35.177
-33.444
-35.960
-37.447
-37.311
-39.874
-43.308
-49.387
-52.243
-51.689
-52.414
-51.330
-49.212
-43.723
-38.491
-40.099
-43.837
-48.155
-52.273
-51.084
-49.885
-47.658
-49.380
-52.750
-50.621
-46.449
-38.018
-29.267
-26.502
-25.425
-25.690
-24.348
-19.776
-16.017
-11.570
-8.194
-1.995
7.050
15.410
22.267
27.263
28.587
24.170
18.168
9.947
0.218
-4.489
-1.754
3.782
5.525
1.975
2.429
5.783
8.845
9.924
9.819
12.222
14.443
16.660
16.158
12.922
11.181
11.441
14.028
17.358
16.768
12.830
6.738
2.910
2.851
4.686
5.564
5.937
8.587
11.137
14.300
19.765
25.436
27.408
27.252
25.995
26.637
31.897
37.012
41.630
44.430
48.086
51.295
49.200
49.121
48.885
46.875
45.752
40.794
37.096
36.304
36.441
37.704
37.438
39.376
42.574
44.204
47.456
45.020
41.394
40.572
37.808
36.886
32.823
29.351
30.102
31.487
34.368
34.264
35.006
39.267
43.006
45.769
43.911
40.640
44.239
50.965
57.489
56.554
49.096
45.256
41.033
37.670
39.221
45.794
56.893
63.662
67.758
71.484
72.717
73.961
71.267
64.404
61.318
60.344
61.043
58.307
54.961
57.956
60.496
61.475
58.295
52.427
52.435
52.513
50.756
47.819
43.431
45.608
50.294
52.685
54.664
56.612
63.674
64.189
58.038
55.573
55.006
61.473
70.093
72.649
72.343
67.524
64.048
60.565
57.889
59.717
58.688
53.857
51.823
52.935
58.597
58.501
49.994
41.172
33.238
30.630
29.293
25.989
23.102
19.905
20.674
22.862
24.820
30.064
31.493
33.058
34.974
33.524
33.258
29.463
24.160
20.679
19.380
21.037
17.826
12.072
6.984
5.294
5.995
8.356
12.208
15.017
15.245
14.224
16.372
20.803
25.028
23.746
16.961
6.639
-3.661
-10.872
-10.566
-7.243
-5.155
-6.311
-8.849
-11.882
-18.738
-27.888
-33.669
-39.636
-41.069
-41.325
-44.672
-46.104
-47.922
-48.162
-46.494
-48.167
-48.365
-48.480
-47.134
-44.472
-44.201
-42.966
-45.435
-52.329
-55.235
-58.004
-59.081
-58.037
-55.144
-47.178
-41.089
-36.113
-31.965
-34.784
-39.921
-47.001
-52.923
-54.270
-56.629
-53.606
-48.176
-44.362
-42.258
-45.047
-47.029
-47.598
-44.839
-35.885
-28.222
-19.765
-12.891
-7.874
-5.152
-5.061
-6.741
-9.304
-10.278
-10.709
-10.791
-9.197
-6.427
-5.096
-4.279
-4.029
-6.635
-11.936
-18.573
-22.679
-23.421
-23.498
-22.325
-20.692
-16.710
-11.902
-12.396
-16.876
-23.612
-25.605
-22.461
-21.127
-18.154
-15.687
-12.985
-11.075
-12.472
-12.858
-11.829
-8.808
-6.453
-10.673
-15.594
-18.167
-16.445
-13.183
-11.114
-7.501
-2.737
-1.982
-5.940
-8.678
-6.494
-3.921
-2.229
-1.363
-1.592
-3.113
-4.717
-7.548
-10.021
-9.233
-5.685
0.769
7.186
8.706
6.883
6.150
6.603
4.573
-0.876
-5.185
-2.813
5.471
11.178
9.906
5.684
4.309
4.717
3.495
3.428
5.016
7.751
10.755
10.271
10.727
14.130
17.212
16.365
11.337
10.645
12.861
17.104
21.455
22.599
24.398
22.794
23.776
24.412
21.194
18.149
14.221
12.571
9.405
4.006
0.174
-3.175
-5.826
-9.631
-15.813
-23.099
-25.368
-23.991
-26.211
-25.851
-24.448
-21.160
-17.239
-16.208
-13.108
-8.117
-3.920
-2.817
-7.149
-8.795
-5.820
0.237
4.669
5.637
6.099
6.555
6.078
2.088
-0.698
-1.905
-2.154
-0.002
1.324
-0.041
-3.547
-8.539
-11.809
-9.884
-6.402
-5.285
-4.981
-3.767
-5.353
-9.360
-10.812
-9.327
-7.605
-7.798
-9.061
-10.387
-9.230
-7.960
-7.230
-4.616
-3.682
-1.500
2.984
7.863
12.597
12.415
8.810
6.758
5.750
2.725
0.441
0.743
0.404
-0.716
-1.321
-0.017
4.386
6.031
2.671
-3.427
-8.081
-10.381
-15.480
-20.321
-19.445
-14.634
-10.433
-12.242
-19.948
-23.507
-18.763
-10.771
-3.161
1.625
3.527
3.924
5.275
10.403
18.681
26.954
31.666
34.988
33.567
31.439
23.084
9.037
-2.522
-8.895
-13.789
-18.460
-19.885
-23.235
-31.574
-46.888
-62.156
-69.718
-76.660
-78.045
-77.359
-80.930
-87.038
-97.001
-100.326
-96.744
-91.603
-80.583
-69.989
-59.873
-52.173
-47.904
-40.506
-36.337
-35.424
-34.668
-31.644
-26.683
-26.836
-33.872
-39.165
-39.070
-34.875
-37.296
-46.293
-53.067
-56.873
-56.206
-55.136
-57.029
-56.197
-56.263
-56.908
-55.100
-50.173
-42.711
-42.424
-44.129
-39.018
-30.940
-22.014
-15.291
-10.956
-9.265
-11.742
-13.263
-11.780
-6.398
2.670
12.506
19.086
20.743
20.136
16.672
13.275
11.971
10.657
11.840
11.033
12.214
15.421
15.107
11.402
8.191
10.707
16.408
20.512
23.600
18.339
8.467
0.367
-0.753
3.999
7.524
8.018
7.655
6.717
6.169
7.249
10.559
14.551
15.648
15.824
17.411
20.022
21.110
19.326
17.627
17.971
15.782
15.047
17.333
20.359
23.494
22.459
20.999
17.716
12.632
9.245
5.234
2.421
-0.540
-2.284
-2.791
-1.110
2.470
6.638
11.681
18.118
23.970
28.902
34.299
37.773
43.434
46.005
47.096
50.065
49.322
49.798
51.949
54.640
59.061
57.428
54.124
50.635
47.713
46.685
44.886
45.809
44.889
40.404
39.991
38.921
36.367
34.026
29.466
27.095
28.498
29.666
31.076
30.715
31.467
29.152
23.403
23.668
25.865
28.365
29.812
28.619
30.092
29.572
26.707
23.481
20.308
22.214
26.119
32.478
38.378
39.369
37.002
30.543
23.962
21.735
23.890
32.264
40.828
43.041
44.093
41.391
38.560
35.032
31.529
32.992
33.896
32.070
31.937
34.383
41.729
48.456
54.027
55.332
52.893
54.988
61.409
67.501
73.817
76.323
79.584
81.401
79.063
78.292
76.054
75.665
77.654
77.665
78.518
75.901
69.880
63.557
57.213
56.478
56.112
53.521
46.273
33.914
32.427
38.865
40.291
36.252
28.322
22.935
20.175
19.345
16.288
11.143
11.883
14.529
13.033
12.302
18.716
26.680
28.341
21.219
18.116
18.763
16.049
13.513
14.507
19.392
19.204
11.736
2.985
0.251
3.824
9.045
11.556
12.722
9.613
6.053
4.365
1.736
-1.417
-1.502
5.327
11.740
10.671
3.687
-4.824
-6.502
-1.640
4.981
6.352
3.117
0.005
-3.843
1.181
12.990
21.845
24.045
20.093
13.826
13.962
20.938
27.680
29.668
26.394
28.070
31.716
28.061
25.487
29.801
41.402
55.265
59.506
56.315
52.778
47.610
47.907
51.163
59.578
63.207
57.845
47.917
34.910
32.699
40.593
43.893
41.609
34.068
29.484
29.867
33.677
48.929
74.027
98.946
115.806
118.545
121.436
120.548
112.899
111.853
115.026
119.867
120.058
114.318
109.823
104.788
101.983
100.668
100.198
101.980
101.116
99.038
101.399
106.229
110.418
106.599
93.829
83.115
77.453
75.738
71.259
61.961
56.999
56.071
56.137
51.836
41.429
34.534
24.247
12.197
-2.783
-20.496
-41.435
-60.047
-76.577
-89.893
-97.010
-110.680
-133.958
-164.218
-190.697
-198.587
-197.720
-199.318
-198.702
-218.412
-220.609
-231.226
-243.750
-228.013
-242.457
-221.602
-232.749
-255.490
-238.830
-252.496
-229.247
-219.027
-229.983
-229.224
-233.210
-228.846
-226.801
-219.110
-207.201
-204.381
-207.584
-202.196
-187.421
-178.743
-188.444
-201.527
-197.625
-174.794
-150.936
-140.875
-143.494
-147.161
-146.439
-144.419
-145.891
-147.675
-141.395
-134.589
-128.995
-121.711
-112.942
-103.199
-100.981
-101.088
-91.166
-76.669
-63.458
-59.510
-63.290
-59.475
-47.848
-35.747
-35.708
-39.579
-30.046
-14.356
-8.404
-15.505
-23.668
-19.105
-1.114
19.987
33.077
41.672
41.449
39.344
36.579
30.270
22.033
14.355
14.288
19.726
22.167
21.903
18.686
11.093
1.324
-1.998
6.796
17.264
20.303
16.223
9.635
9.850
14.063
14.020
8.271
5.008
9.987
20.799
28.805
28.161
26.497
31.364
37.507
35.959
33.149
35.098
41.817
49.674
51.496
55.580
60.879
63.922
66.377
63.480
59.199
55.052
51.871
53.121
50.665
46.243
43.112
40.018
39.467
38.071
40.414
48.267
55.400
58.453
53.051
46.305
43.544
41.378
40.105
37.245
35.445
42.839
49.378
49.557
45.427
42.273
44.529
44.556
46.441
53.158
58.727
62.417
56.136
44.242
35.304
32.819
33.611
28.140
17.169
6.049
-1.901
-5.866
-5.306
-4.582
-3.897
-4.862
-6.779
-9.009
-12.753
-16.877
-15.715
-8.134
-2.445
-6.406
-16.701
-21.581
-17.672
-15.271
-16.591
-17.949
-13.833
-9.730
-12.062
-15.533
-14.198
-6.051
-0.665
-3.145
-1.803
5.425
13.366
14.992
11.533
10.808
15.034
20.397
17.609
9.620
4.989
4.511
6.937
4.856
-1.963
-6.731
-4.627
-3.339
-10.027
-18.921
-20.557
-15.305
-10.395
-10.472
-13.084
-12.033
-7.406
-6.149
-9.366
-12.690
-11.553
-5.594
-0.823
-0.154
1.893
8.132
13.171
13.608
7.915
3.302
3.193
2.158
-3.028
-7.052
-3.470
2.545
7.255
10.574
16.152
25.068
35.672
39.995
36.415
32.496
31.310
36.083
39.880
39.138
37.564
35.197
36.637
39.348
39.382
38.717
34.761
32.754
32.035
27.102
24.207
26.255
30.324
27.481
17.000
8.712
8.703
13.472
13.849
8.362
2.972
2.763
6.065
7.303
6.436
6.229
7.326
5.834
1.220
-0.431
3.026
5.581
0.286
-9.173
-14.029
-13.223
-6.938
0.358
4.576
7.879
11.606
14.636
13.090
7.831
3.144
1.168
0.394
-1.579
-3.566
-4.826
-5.597
-3.814
-1.885
-2.508
-5.292
-7.415
-9.380
-10.278
-7.909
-5.319
-4.412
-3.482
-5.583
-9.883
-14.689
-14.977
-12.918
-13.135
-17.430
-21.264
-17.265
-9.794
-4.612
-1.608
0.431
2.298
0.428
-3.704
-6.366
-6.489
-1.380
3.981
9.268
13.309
18.586
23.342
24.531
20.181
11.714
8.487
10.625
11.847
9.065
2.990
-1.382
-4.781
-8.357
-11.875
-12.094
-8.026
-3.278
-2.548
-5.342
-9.096
-11.355
-12.589
-13.584
-15.351
-16.501
-18.101
-19.789
-17.070
-13.041
-11.061
-10.908
-16.393
-22.322
-26.423
-23.626
-16.800
-15.935
-21.142
-28.247
-31.743
-30.436
-30.573
-29.536
-30.136
-31.730
-30.872
-31.869
-31.827
-32.485
-34.396
-33.113
-29.312
-26.024
-25.823
-28.039
-27.804
-26.432
-24.667
-24.558
-25.840
-25.857
-26.028
-29.483
-31.592
-29.475
-22.645
-15.287
-13.246
-16.074
-23.670
-26.516
-22.106
-15.663
-7.877
-0.784
1.995
0.928
0.612
4.452
8.371
9.162
5.535
0.648
-2.890
-5.639
-7.301
-8.312
-11.684
-11.435
-8.549
-4.100
-1.535
-1.742
-2.165
-2.148
1.124
3.252
2.521
-0.283
-4.793
-8.997
-12.709
-15.652
-18.243
-18.384
-17.643
-14.183
-10.147
-6.785
-2.399
3.183
6.360
5.365
3.848
8.610
15.609
17.138
12.761
8.443
7.142
6.339
2.250
-3.966
-8.101
-8.217
-7.990
-8.504
-10.323
-11.508
-7.344
-2.721
-1.767
-3.703
-5.079
-3.488
-1.005
4.973
12.584
18.103
18.020
13.097
8.916
9.620
15.927
23.705
26.013
26.294
24.795
25.750
27.480
25.750
26.358
27.793
30.408
32.005
28.786
27.537
30.346
35.873
38.717
35.329
32.785
31.904
34.158
39.838
38.972
32.191
23.039
14.865
9.839
6.942
2.270
-4.000
-8.195
-10.030
-10.243
-10.395
-8.666
-6.709
-7.941
-9.503
-11.100
-12.485
-14.445
-16.833
-16.040
-14.385
-16.475
-22.650
-29.540
-34.277
-37.094
-40.231
-39.685
-37.357
-33.616
-29.214
-28.266
-26.222
-22.335
-18.840
-15.949
-14.298
-12.989
-14.724
-22.298
-27.866
-29.173
-28.023
-29.479
-32.411
-27.429
-18.698
-12.795
-8.712
-6.640
-3.401
2.139
10.400
17.834
20.656
18.448
15.717
16.682
17.590
16.867
13.502
8.891
6.401
3.506
-3.570
-13.957
-22.081
-24.834
-25.954
-30.644
-35.760
-36.645
-35.085
-31.925
-32.654
-33.474
-30.495
-29.572
-29.400
-29.757
-31.076
-32.901
-40.948
-46.625
-46.663
-45.506
-42.202
-42.259
-42.165
-37.638
-28.003
-15.240
-9.077
-12.439
-18.995
-27.853
-37.913
-51.397
-64.637
-73.057
-75.647
-66.319
-56.747
-54.367
-47.089
-36.591
-25.063
-22.503
-27.307
-29.468
-30.796
-30.955
-32.142
-31.044
-26.216
-24.977
-26.941
-28.871
-32.637
-32.261
-31.565
-29.311
-26.315
-23.839
-23.336
-26.682
-32.896
-36.486
-37.326
-35.834
-36.517
-38.809
-34.876
-29.201
-22.315
-15.822
-13.511
-9.982
-4.682
-1.547
-2.659
-6.245
-4.191
3.675
17.489
29.335
33.977
31.838
32.115
36.326
37.778
39.584
37.586
32.684
29.984
29.628
33.800
34.097
26.851
18.831
11.971
7.190
4.814
1.932
-0.106
-4.301
-9.998
-15.547
-20.106
-25.743
-27.833
-24.711
-15.731
-5.268
4.004
11.856
20.058
25.821
29.931
35.003
35.209
35.873
41.357
42.467
42.683
40.705
36.103
32.568
21.317
6.038
-6.841
-10.385
-8.515
-5.577
-7.095
-8.993
-9.520
-10.383
-9.473
-8.176
-6.469
-7.092
-10.407
-8.110
-1.243
8.265
15.660
24.214
33.795
46.645
66.289
80.322
90.781
99.358
105.909
112.920
112.266
108.790
108.900
105.949
103.238
96.604
88.512
83.603
72.572
64.549
55.977
46.804
39.185
30.358
30.736
38.804
42.592
39.040
33.106
35.508
43.103
44.399
43.733
42.404
46.504
54.588
56.857
59.639
64.303
71.041
76.637
75.729
78.869
84.342
87.539
90.387
89.487
92.915
98.187
92.841
80.990
69.706
69.647
72.843
62.831
47.963
33.366
29.344
27.489
19.801
16.514
15.491
13.927
9.736
3.405
-3.653
-10.395
-17.171
-25.830
-28.511
-30.010
-32.169
-31.544
-28.613
-20.780
-16.533
-15.112
-11.003
-6.125
0.519
4.405
6.785
11.173
17.219
23.307
25.821
30.228
31.668
31.941
28.346
19.790
16.535
13.889
8.895
2.440
-2.758
-5.755
-9.487
-12.816
-16.302
-16.862
-18.595
-21.661
-28.254
-36.216
-37.074
-33.668
-27.820
-25.250
-30.160
-31.949
-31.480
-28.419
-25.613
-27.040
-21.922
-14.328
-8.531
-5.162
-6.674
-8.048
-10.480
-12.910
-17.167
-25.532
-31.361
-36.639
-41.164
-42.807
-47.306
-52.607
-57.546
-65.405
-69.362
-72.707
-69.592
-63.109
-63.482
-57.731
-47.063
-32.858
-24.751
-23.750
-22.512
-21.442
-23.876
-26.761
-27.817
-25.183
-20.892
-18.761
-15.037
-9.623
-4.151
-1.181
-4.317
-4.955
-5.071
-5.538
-3.906
-2.681
-1.871
-4.166
-4.635
-1.206
3.879
7.403
5.054
-0.342
-4.320
-5.209
-2.078
-1.403
-4.406
-6.619
-5.899
0.617
6.564
12.782
12.935
11.363
10.268
12.308
16.231
15.981
16.282
14.622
11.262
10.641
10.500
10.587
12.525
17.694
25.011
30.156
32.817
36.381
35.656
35.648
36.396
39.842
47.251
49.958
55.094
58.500
56.633
54.681
48.862
42.548
33.470
23.039
14.265
7.286
1.792
2.727
3.949
1.386
-1.612
-2.875
1.201
5.760
8.149
11.500
14.152
19.234
22.800
27.098
30.020
29.771
35.715
40.596
44.838
46.216
41.606
38.140
30.729
22.734
16.436
9.261
2.244
-4.202
-5.715
-6.868
-5.549
-4.129
-2.960
-0.879
0.367
-0.333
-8.703
-17.151
-17.929
-14.557
-10.107
-9.984
-12.048
-11.141
-8.761
-7.696
-9.660
-13.703
-17.371
-20.978
-20.361
-17.234
-12.118
-4.512
-0.358
2.338
3.452
4.849
1.307
-4.130
-6.168
-5.860
-4.319
-6.982
-12.815
-15.340
-11.605
-4.833
-0.736
-1.564
-9.226
-15.772
-17.463
-16.494
-14.954
-14.687
-14.291
-19.250
-25.228
-26.189
-26.242
-27.071
-32.289
-38.329
-40.658
-46.393
-46.831
-41.973
-37.334
-37.985
-45.635
-46.938
-41.065
-31.922
-20.671
-14.130
-8.855
-3.808
0.966
0.001
-4.757
-9.442
-10.549
-7.240
-1.744
4.600
9.711
12.387
14.137
17.259
23.480
28.902
25.223
17.133
8.838
7.273
11.018
10.262
0.106
-10.671
-12.893
-10.561
-7.468
-9.401
-13.443
-12.649
-12.863
-13.440
-16.917
-15.912
-8.889
-2.212
4.562
10.401
18.708
23.495
26.011
27.523
25.658
24.220
20.033
16.076
12.028
5.940
-0.927
-9.752
-17.161
-20.406
-19.555
-18.019
-17.019
-19.462
-23.155
-22.046
-18.809
-16.636
-13.509
-9.486
-0.696
12.025
22.235
27.845
34.487
41.410
51.914
62.566
66.276
67.449
65.024
66.512
67.568
62.254
57.246
46.500
34.678
23.714
12.255
1.287
-6.191
-10.609
-9.708
-7.021
-9.524
-14.345
-19.236
-22.361
-19.925
-14.465
-7.851
-2.931
2.102
6.737
13.712
21.105
24.608
26.203
22.170
17.534
12.843
8.217
2.878
-1.308
-0.287
4.283
5.880
0.303
-7.688
-9.420
-5.969
1.045
4.080
3.926
4.041
0.713
-3.857
-8.202
-10.768
-14.804
-22.530
-28.979
-36.262
-41.991
-43.480
-47.072
-46.386
-41.568
-39.549
-38.782
-43.124
-50.105
-53.193
-54.723
-50.298
-48.959
-48.050
-45.423
-45.596
-42.395
-40.165
-41.048
-40.762
-40.987
-37.601
-34.214
-32.501
-29.244
-28.324
-28.937
-33.112
-41.622
-44.911
-45.215
-45.045
-44.635
-48.320
-47.492
-44.253
-39.758
-30.515
-22.608
-16.023
-15.198
-19.399
-22.480
-25.988
-27.346
-29.650
-32.610
-30.415
-27.032
-22.090
-18.583
-19.786
-20.414
-19.084
-13.855
-9.344
-6.877
-5.059
-3.468
-4.453
-9.776
-22.168
-32.884
-33.639
-28.476
-23.413
-24.570
-29.087
-35.483
-45.255
-50.719
-55.135
-55.157
-53.279
-52.657
-46.521
-40.530
-37.937
-37.463
-40.643
-42.629
-41.488
-37.757
-32.618
-33.086
-31.351
-26.331
-21.467
-20.975
-29.389
-36.864
-39.732
-40.746
-38.003
-37.150
-39.524
-46.486
-53.834
-53.691
-54.584
-56.832
-59.096
-62.289
-61.385
-64.850
-68.098
-61.880
-56.527
-53.881
-56.015
-59.745
-58.550
-57.386
-54.575
-54.268
-57.561
-59.865
-63.291
-64.678
-62.198
-62.152
-61.596
-67.022
-72.757
-72.140
-71.446
-68.189
-68.617
-70.035
-66.107
-64.883
-61.977
-58.900
-59.025
-52.417
-42.842
-32.505
-27.409
-27.410
-25.539
-19.715
-7.206
5.223
13.850
17.605
20.668
23.925
27.176
32.850
32.172
29.199
26.760
22.688
24.300
24.584
23.087
21.909
19.316
18.667
18.827
22.428
24.973
22.014
17.263
13.348
12.939
13.878
13.484
12.699
14.016
16.902
17.818
17.368
17.121
20.665
24.725
28.120
30.234
32.717
38.371
38.940
40.316
40.469
39.345
42.496
41.926
39.152
35.510
31.740
32.335
29.368
26.082
26.392
30.555
36.186
34.968
30.468
30.648
33.251
36.054
34.782
32.962
33.684
33.091
37.979
43.334
46.403
50.255
50.038
49.663
48.949
47.510
50.181
51.255
52.830
53.399
52.746
56.114
57.233
56.123
53.910
49.215
49.210
48.669
44.182
41.053
39.123
41.736
44.563
43.341
43.874
44.831
50.416
54.038
52.468
53.648
53.939
56.195
60.081
62.617
69.800
71.921
70.695
72.135
75.995
87.452
95.791
98.649
100.458
96.641
93.549
92.626
92.622
95.777
87.394
74.049
65.175
61.557
61.839
55.383
46.678
39.967
32.450
27.038
21.322
19.325
24.694
29.346
31.244
31.455
35.544
42.985
40.996
32.121
25.631
24.090
27.300
25.429
23.436
24.518
23.424
18.525
8.028
-1.730
-8.519
-10.495
-8.515
-6.470
-7.408
-14.693
-20.972
-26.373
-26.972
-22.793
-16.223
-5.463
5.299
14.354
21.092
26.245
30.959
31.948
26.976
21.179
20.349
19.815
14.920
12.435
13.209
16.519
16.931
9.529
1.793
-1.752
-0.701
1.311
-2.218
-10.414
-21.528
-32.516
-42.348
-47.697
-52.261
-50.416
-47.293
-40.869
-33.461
-37.198
-44.366
-51.762
-55.009
-51.631
-50.170
-48.439
-47.462
-47.053
-43.906
-41.970
-37.791
-32.764
-34.297
-37.372
-40.769
-41.317
-37.405
-39.147
-41.007
-39.783
-34.126
-28.362
-32.106
-33.867
-31.438
-25.186
-15.309
-9.053
-4.991
-0.445
5.384
7.790
6.590
5.010
2.625
2.481
0.507
-2.294
-3.923
-6.856
-11.175
-14.219
-15.288
-16.135
-15.019
-17.118
-20.688
-20.879
-17.648
-12.068
-7.396
-4.895
-1.515
3.302
8.937
11.164
10.559
12.807
17.450
24.055
36.523
50.352
55.544
57.064
55.340
57.294
60.131
58.862
60.255
60.030
55.794
50.995
45.881
39.601
26.287
10.241
3.870
4.180
4.185
-0.631
-7.744
-12.699
-18.410
-27.162
-36.964
-43.321
-48.887
-48.920
-44.972
-38.910
-31.757
-27.898
-23.778
-14.259
-0.179
14.853
25.266
25.864
19.701
17.152
20.128
24.373
25.446
25.096
27.912
30.209
28.319
23.538
17.814
16.584
16.958
12.664
7.376
1.032
-3.341
-7.643
-13.910
-20.536
-24.495
-28.037
-32.677
-35.544
-37.449
-33.239
-27.886
-23.595
-20.823
-21.067
-18.549
-12.261
-3.491
5.569
17.374
28.360
36.915
42.284
42.531
44.083
44.428
42.657
41.652
38.092
36.694
36.060
33.467
30.080
22.756
15.029
8.510
1.944
-4.394
-6.943
-5.171
-2.104
-5.056
-13.214
-19.901
-23.586
-25.964
-27.192
-31.987
-37.714
-39.952
-40.055
-37.845
-37.082
-33.946
-27.072
-19.878
-11.960
-4.747
1.021
5.333
8.924
9.224
7.408
3.876
1.449
2.574
3.436
1.095
-4.112
-6.276
-6.370
-5.889
-8.833
-16.364
-21.202
-24.436
-27.276
-28.411
-31.769
-35.295
-36.558
-34.465
-26.698
-18.702
-12.504
-12.587
-15.321
-10.993
0.468
14.175
20.563
21.487
21.398
27.804
36.266
39.208
39.326
37.363
39.606
47.489
52.236
54.871
53.799
56.320
60.157
57.104
50.458
43.363
41.597
45.908
46.574
46.827
44.269
37.757
29.125
18.642
14.349
15.414
16.298
14.652
13.950
16.235
21.112
21.431
18.851
14.549
10.409
8.633
5.075
-0.008
-2.249
-1.957
-0.321
1.706
8.295
18.729
29.050
38.409
40.960
40.661
39.958
40.053
41.644
38.330
28.832
17.027
7.230
1.772
-4.419
-10.691
-17.332
-24.608
-32.485
-33.554
-30.181
-29.338
-28.546
-28.390
-28.582
-29.142
-32.042
-28.111
-20.597
-12.550
-8.470
-9.124
-7.809
-3.320
0.961
2.828
4.345
8.589
10.627
11.875
13.604
18.021
19.929
14.757
7.018
1.941
0.198
-0.813
-5.036
-9.219
-13.518
-19.292
-28.549
-39.219
-49.978
-54.934
-56.861
-58.074
-56.268
-55.906
-52.764
-48.698
-45.843
-42.681
-42.461
-38.936
-30.378
-22.590
-15.776
-11.430
-8.824
-6.196
-4.895
-4.678
-5.933
-5.924
-3.751
-1.341
2.536
6.948
10.842
14.213
18.675
22.175
19.839
11.703
0.978
-6.876
-8.148
-2.975
5.294
7.895
3.686
-0.358
0.529
5.287
8.077
9.620
8.839
7.280
6.253
3.105
-0.670
-5.157
-9.161
-12.505
-13.273
-10.233
-6.990
-7.614
-13.752
-20.502
-24.874
-30.092
-32.798
-35.799
-39.257
-39.078
-38.203
-36.656
-39.948
-44.303
-46.963
-51.821
-53.887
-51.291
-48.497
-46.520
-48.975
-50.813
-49.814
-48.488
-43.854
-41.852
-40.775
-41.484
-45.973
-49.342
-53.707
-53.070
-43.244
-31.233
-21.435
-17.250
-17.197
-16.884
-16.715
-17.553
-19.234
-19.632
-18.062
-18.905
-20.979
-22.345
-27.418
-31.913
-33.881
-33.032
-31.016
-34.433
-40.946
-49.322
-52.916
-49.280
-43.510
-35.719
-32.305
-32.003
-27.317
-23.039
-21.540
-22.758
-26.340
-27.206
-28.620
-29.567
-32.638
-37.949
-40.370
-41.848
-39.483
-35.955
-36.784
-36.014
-34.645
-34.670
-35.648
-39.880
-43.133
-48.114
-53.319
-52.985
-51.845
-48.044
-44.554
-40.678
-35.320
-33.685
-33.076
-32.333
-33.238
-31.922
-28.543
-25.592
-24.744
-25.728
-21.942
-16.152
-12.246
-10.567
-14.666
-21.317
-28.223
-33.237
-33.992
-32.541
-29.508
-29.955
-34.081
-38.597
-44.029
-45.297
-42.766
-40.395
-36.416
-35.445
-36.831
-37.601
-39.188
-38.842
-36.954
-31.193
-22.348
-14.058
-7.010
-2.713
-2.065
-4.039
-6.087
-5.289
-1.786
-1.957
-5.261
-8.390
-10.332
-10.965
-9.994
-6.104
-4.308
-3.675
-3.778
-2.234
1.515
6.312
10.385
13.450
17.673
22.006
28.846
39.757
47.882
54.170
56.178
55.358
55.010
52.778
51.901
51.087
46.030
43.134
41.162
41.033
39.296
34.831
33.178
29.222
25.385
22.129
18.786
19.734
20.312
18.658
16.509
16.040
17.401
15.673
13.392
14.676
18.807
25.073
29.168
30.223
35.699
41.859
49.889
57.120
60.424
63.203
63.699
63.873
63.926
61.832
64.790
67.149
64.878
61.979
60.464
65.622
71.030
71.027
65.769
54.942
47.575
40.858
30.851
24.484
22.829
24.950
23.791
17.734
12.527
9.481
4.473
-5.047
-12.785
-11.078
-2.046
8.087
14.033
15.757
17.502
15.215
9.685
3.902
0.716
0.896
4.267
7.760
8.125
5.620
2.091
0.445
-0.428
-0.131
0.499
-2.788
-8.566
-13.519
-14.229
-9.894
-5.879
-5.098
-7.103
-9.352
-7.391
-3.572
-0.738
-1.560
-1.793
1.046
1.388
-2.185
-8.285
-13.504
-13.310
-5.934
2.008
4.638
2.726
-0.262
-0.842
3.112
9.424
14.318
17.115
17.348
15.938
14.737
16.109
19.257
21.343
24.472
25.163
20.589
13.278
6.839
4.596
4.543
3.449
-0.021
-4.477
-8.835
-10.205
-7.112
-4.268
-2.305
-0.732
3.653
8.900
9.095
0.556
-9.454
-9.661
0.067
11.003
14.923
11.144
7.282
6.548
12.012
19.644
24.952
26.911
23.672
19.945
20.526
21.553
20.046
15.919
15.420
19.779
25.833
31.867
34.910
34.993
35.789
36.159
37.921
38.529
37.098
38.391
39.371
39.050
36.064
29.051
25.034
25.142
27.615
28.853
23.925
18.570
11.585
3.143
-3.755
-6.803
-6.504
-4.277
-3.488
-5.128
-7.180
-8.116
-5.645
-3.439
-5.598
-11.153
-16.342
-17.681
-13.668
-3.395
8.441
17.196
22.254
24.667
23.641
19.772
19.288
22.690
24.153
24.828
25.121
26.791
27.017
19.921
11.488
10.272
12.671
9.866
4.168
3.391
3.916
-2.656
-17.701
-31.261
-38.694
-40.932
-38.521
-37.838
-36.704
-36.286
-38.455
-38.428
-40.674
-42.574
-41.812
-43.692
-44.413
-41.542
-35.403
-27.349
-25.576
-27.323
-30.107
-34.107
-35.383
-37.016
-35.772
-34.230
-33.776
-31.293
-28.766
-25.982
-28.148
-38.758
-47.733
-52.467
-55.751
-59.261
-63.861
-64.468
-67.452
-75.486
-79.956
-78.859
-70.996
-66.549
-66.029
-61.851
-59.284
-57.045
-55.944
-52.496
-43.305
-37.542
-35.093
-33.485
-30.576
-18.673
-4.649
